     3.04           N: GNSS NAV DATA    G: GPS              RINEX VERSION / TYPE
X-pos v7.8.1.9462   LGS                 20230722 125300 UTC PGM / RUN BY / DATE
GPSA   1.5832D-08  2.2352D-08 -1.1921D-07 -1.1921D-07       IONOSPHERIC CORR
GPSB   1.2083D+05  1.6384D+05 -1.3107D+05 -3.2768D+05       IONOSPHERIC CORR
GPUT  2.7939677238D-09 9.769962617D-15 147456 2272          TIME SYSTEM CORR
    18    18  1929     7                                    LEAP SECONDS
                                                            END OF HEADER                  
G08 2023 07 22 08 00 00 -1.334180124104D-04 -1.932676241267D-12 0.000000000000D+00
     0.000000000000D+00 -9.125000000000D+00 4.684480841716D-09 8.481623551037D-01
    -2.440065145493D-07 8.501072763465D-03 8.879229426384D-06 5.153726547241D+03
     5.472000000000D+05 2.793967723846D-08 2.968758043317D-01 7.823109626770D-08
     9.581828515904D-01 2.032500000000D+02 2.722656557460D-01 -8.143553497405D-09
    -5.414511250413D-10 0.000000000000D+00 2.271000000000D+03 0.000000000000D+00
     2.000000000000D+00 0.000000000000D+00 5.122274160385D-09 2.560000000000D+02
     5.399400000000D+05                                     
G10 2023 07 22 08 00 00 -4.615541547537D-05 -1.591615728103D-12 0.000000000000D+00
     2.500000000000D+01 -1.421875000000D+01 4.150530029093D-09 2.865452133080D+00
    -7.748603820801D-07 8.605511975475D-03 3.412365913391D-06 5.153684871674D+03
     5.472000000000D+05 -2.235174179077D-08 2.418188268276D+00 -9.685754776001D-08
     9.795367230077D-01 3.230625000000D+02 -2.439701973734D+00 -8.000690403726D-09
     3.357282701443D-11 0.000000000000D+00 2.271000000000D+03 0.000000000000D+00
     2.000000000000D+00 0.000000000000D+00 2.328306436539D-09 2.500000000000D+01
     5.399400000000D+05                   
G21 2023 07 22 08 00 00 1.518521457911D-04 -4.547473508865D-13 0.000000000000D+00
     4.200000000000D+01 5.712500000000D+01 4.519116810783D-09 8.334209714202D-01
     2.473592758179D-06 2.470109949354D-02 7.448717951775D-06 5.153596769333D+03
     5.472000000000D+05 3.948807716370D-07 1.285102854675D+00 -3.930181264877D-07
     9.617057645967D-01 2.319375000000D+02 -7.320734564494D-01 -8.273201754918D-09
    -1.392915163365D-11 0.000000000000D+00 2.271000000000D+03 0.000000000000D+00
     2.000000000000D+00 0.000000000000D+00 -1.024454832077D-08 4.200000000000D+01
     5.399400000000D+05                                                                                          
G24 2023 07 22 10 00 00 -2.658111043274D-04 -1.216449163621D-11 0.000000000000D+00
     3.500000000000D+01 2.606250000000D+01 5.135214031782D-09 4.100407232706D-02
     1.372769474983D-06 1.409416110255D-02 9.723007678986D-06 5.153645917892D+03
     5.544000000000D+05 -2.980232238770D-08 -1.859141459356D+00 2.738088369370D-07
     9.336960928300D-01 1.829687500000D+02 9.032047692583D-01 -8.495710801526D-09
     4.471614745150D-10 1.000000000000D+00 2.271000000000D+03 0.000000000000D+00
     2.000000000000D+00 0.000000000000D+00 2.793967723846D-09 3.500000000000D+01
     5.471400000000D+05                                 
G17 2023 07 22 12 00 00 7.214536890388D-04 6.821210263297D-13 0.000000000000D+00
     2.800000000000D+01 -6.968750000000D+00 4.250534194668D-09 2.896689411747D+00
    -2.551823854446D-07 1.359284052160D-02 9.344890713692D-06 5.153551399231D+03
     5.616000000000D+05 2.719461917877D-07 3.866174181787D-01 -2.793967723846D-08
     9.737887949892D-01 2.021875000000D+02 -1.407703052483D+00 -7.656390347961D-09
    -3.493002640438D-10 0.000000000000D+00 2.271000000000D+03 0.000000000000D+00
     2.000000000000D+00 0.000000000000D+00 -1.117587089539D-08 2.800000000000D+01
     5.543400000000D+05                   
G03 2023 07 22 12 00 00 -2.218186855316D-04 1.648459146963D-11 0.000000000000D+00
     2.100000000000D+01 -1.275000000000D+01 4.415183910132D-09 -4.148605833742D-01
    -6.780028343201D-07 5.056695663370D-03 3.432855010033D-06 5.153627956390D+03
     5.616000000000D+05 -4.470348358154D-08 2.420706131693D+00 4.470348358154D-08
     9.798129497365D-01 3.205000000000D+02 1.070620602228D+00 -8.298202796312D-09
    -1.157191058795D-10 0.000000000000D+00 2.271000000000D+03 0.000000000000D+00
     2.000000000000D+00 0.000000000000D+00 1.862645149231D-09 2.100000000000D+01
     5.543400000000D+05                   
G14 2023 07 22 10 00 00 1.301490701735D-04 1.193711796077D-11 0.000000000000D+00
     1.840000000000D+02 3.156250000000D+00 5.246647115340D-09 -1.706818405918D+00
     7.450580596924D-09 3.410041797906D-03 5.153939127922D-06 5.153673786163D+03
     5.544000000000D+05 1.024454832077D-07 -6.917513380141D-01 -2.980232238770D-08
     9.481087120078D-01 2.732187500000D+02 -2.966001708162D+00 -8.448566202408D-09
     2.964409193828D-11 0.000000000000D+00 2.271000000000D+03 0.000000000000D+00
     2.000000000000D+00 0.000000000000D+00 -7.916241884232D-09 1.840000000000D+02
     5.471400000000D+05                
